664543
664983
666613
676563
676903
679983
694703
697673
707543
711443
714463
722043
725343
733153
735183
754811
755206
755222
761435
767781
771365
781445
792784
797897
812983
813307
937591
1028881
1046591
1307641
1615151
1663721
1690381
1762481
1763871
1768081
1775621
1791921
1803321
1805231
2066851
2301401
2401741
2485961
2541491
2658431
2677551
2826311
2828801
2830051
2963661
2985331
3059121
3163971
3225501
3229541
3318281
3342611
3370741
3550091
3632321
3742291
3750991
3891981
4064411
4192871
4208681
4590271
4741661
4903541
5012501
5040781
5207731
5239401
5385412
5412362
5441572
5462192
5464462
5501812
5512402
5540172
5566552
5602562
5619962
5628392
5635792
5658352
5668872
5681592
5744962
5786642
5817152
5836312
5871132
5941492
5990682
5999092
6004942
6005282
6005762
6008442
6008692
6008862
6013962
6014582
6014882
6015222
6015502
6015812
6016762
6017062
6018492
6028452
6028492
6029422
6029692
6030712
6035552
6039642
6043812
6059362
6060312
6063982
6064702
6072052
6073232
6075572
6088362
6107202
6109042
6113372
6134042
6135402
6162682
6181102
6207082
6207792
6208602
6234092
6282052
6367712
6395002
6396632
6409102
6441752
6497002
6507352
6512332
6520642
6567072
6622642
6788432
8918122
9245482
9286542
9782402
11601462
11732272
11967022
12027192
12657322
12691242
13690132
14072246
14073484
14074233
14074964
14075008
14080142
14080359
14082765
14082905
14083152
14084493
14085602
14085825
14085856
14088105
14091120
14091989
14092906
14094525
14095433
14096264
14096559
14096911
14100949
14109491
14110099
14112680
14113025
14113884
14114220
14114839
14114918
14121338
14121499
14121827
14125905
14126388
14130144
14131217
14132840
14136366
14136372
14137709
14138638
14138828
14140055
14144116
14146070
14146115
14146894
14148994
14149821
14152396
14157590
14159066
14159081
14159992
14160349
14162636
14162686
14162836
14162860
14164194
14164287
14166751
14167350
14167351
14167452
14171335
14172721
14174055
14174110
14181328
14183694
14184461
14185455
14185738
14186057
14187151
14187724
14187880
14190664
14191251
14192500
14192695
14193374
14198531
14198641
14198710
14199107
14199362
14199581
14200477
14201718
14204895
14206596
14206623
14206678
14206885
14207400
14207868
14207996
14208403
14208758
14209190
14210184
14210761
14210907
14211162
14212242
14214641
14215907
14217316
14220099
14222123
14224319
14225139
14226778
14227084
14228369
14232219
14233938
14234448
14234651
14234720
14236389
14237750
14238665
14239979
14241221
14241931
14244413
14244585
14245317
14246151
14246195
14246215
14246449
14246945
14247601
14247649
14248041
14249963
14251102
14252352
14252730
14255406
14258871
14259325
14259852
14266087
14276908
14281602
14281949
14282208
14284288
14284948
14288777
14292098
14292277
14293173
14293614
14293745
14294227
14302414
14304369
14307214
14318682
14321877
14323264
14324315
14328004
14332525
14333838
14335587
14336213
14340425
14340645
14340861
14340894
14340984
14341447
14341987
14342932
14345029
14370686
14395385
14431507
14437804
14468138
14502737
14584399
14623804
14746433
14830913
14855230
14856320
14931914
14974940
14991666
15111996
15390201
15438853
15690765
15802607
15813145
15862307
15932510
16110139
16364333
16448532
16638086
16826198
16860351
16884425
16914456
17067177
17074309
17241123
17342819
17708164
17819139
18060755
18150255
18225203
18269055
18347473
18580122
18631946
18736861
18835205
19115533
19243011
19257296
19259271
19284617
19317068
19388081
19394217
19417671
19424168
19527978
19554540
19587576
19593566
19629407
19645743
19655600
19658363
19659221
19670097
19674146
19684681
19703876
19713215
19742394
19838586
19879832
19886096
19901240
19908140
19946962
19965505
19966217
19977496
19983681
19993914
20059151
20065125
20099371
20137925
20151495
20161925
20199883
20241050
20378896
20386226
20395526
20437095
20458512
20490632
20512320
20534947
20556082
20571523
20581268
20583608
20598925
20716910
20719453
20720400
20722030
20723127
20816754
20842874
20852392
20854183
20872653
20873543
20880606
20883712
20991861
20992761
21033057
21038305
21075605
21086705
21113102
21120173
21120894
21133293
21140803
21141159
21186792
21193461
21219193
21294345
21296747
21301865
21326787
21418068
21509573
21565962
21616913
21638592
21644026
21667048
21699503
21766793
21802559
21821458
22068345
22120369
22158203
22169432
22254086