664543
664983
666613
676563
676903
679983
694703
697673
707543
711443
714463
722043
725343
733153
735183
754811
755206
755222
761435
767781
771365
781445
792784
797897
812983
813307
937591
1028881
1046591
1307641
1615151
1663721
1690381
1762481
1763871
1768081
1775621
1791921
1803321
1805231
2066851
2301401
2401741
2485961
2541491
2658431
2677551
2826311
2828801
2830051
2963661
2985331
3059121
3163971
3225501
3229541
3318281
3342611
3370741
3550091
3632321
3742291
3750991
3891981
4064411
4192871
4208681
4590271
4741661
4903541
5012501
5040781
5207731
5239401
5385412
5412362
5441572
5462192
5464462
5501812
5512402
5540172
5566552
5602562
5619962
5628392
5635792
5658352
5668872
5681592
5744962
5786642
5817152
5836312
5871132
5941492
5990682
5999092
6004942
6005282
6005762
6008442
6008692
6008862
6013962
6014582
6014882
6015222
6015502
6015812
6016762
6017062
6018492
6028452
6028492
6029422
6029692
6030712
6035552
6039642
6043812
6059362
6060312
6063982
6064702
6072052
6073232
6075572
6088362
6107202
6109042
6113372
6134042
6135402
6162682
6181102
6207082
6207792
6208602
6234092
6282052
6367712
6395002
6396632
6409102
6441752
6497002
6507352
6512332
6520642
6567072
6622642
6788432
8918122
9245482
9286542
9782402
11601462
11732272
11967022
12027192
12657322
12691242
13690132
14072246
14073484
14074233
14074964
14075008
14080142
14080359
14082765
14082905
14083152
14084493
14085602
14085825
14085856
14088105
14091120
14091989
14092906
14094525
14095433
14096264
14096559
14096911
14100949
14109491
14110099
14112680
14113025
14113884
14114220
14114839
14114918
14121338
14121499
14121827
14125905
14126388
14130144
14131217
14132840
14136366
14136372
14137709
14138638
14138828
14140055
14144116
14146070
14146115
14146894
14148994
14149821
14152396
14157590
14159066
14159081
14159992
14160349
14162636
14162686
14162836
14162860
14164194
14164287
14166751
14167350
14167351
14167452
14171335
14172721
14174055
14174110
14181328
14183694
14184461
14185455
14185738
14186057
14187151
14187724
14187880
14190664
14191251
14192500
14192695
14193374
14198531
14198641
14198710
14199107
14199362
14199581
14200477
14201718
14204895
14206596
14206623
14206678
14206885
14207400
14207868
14207996
14208403
14208758
14209190
14210184
14210761
14210907
14211162
14212242
14214641
14215907
14217316
14220099
14222123
14224319
14225139
14226778
14227084
14228369
14232219
14233938
14234448
14234651
14234720
14236389
14237750
14238665
14239979
14241221
14241931
14244413
14244585
14245317
14246151
14246195
14246215
14246449
14246945
14247601
14247649
14248041
14249963
14251102
14252352
14252730
14255406
14258871
14259325
14259852
14266087
14276908
14281602
14281949
14282208
14284288
14284948
14288777
14292098
14292277
14293173
14293614
14293745
14294227
14302414
14304369
14307214
14318682
14321877
14323264
14324315
14328004
14332525
14333838
14335587
14336213
14340425
14340645
14340861
14340894
14340984
14341447
14341987
14342932
14345029
14370686
14395385
14431507
14437804
14468138
14502737
14584399
14623804
14746433
14830913
14855230
14856320
14931914
14974940
14991666
15111996
15390201
15438853
15690765
15802607
15813145
15862307
15932510
16110139
16364333
16448532
16638086
16826198
16860351
16884425
16914456
17067177
17074309
17241123
17342819
17708164
17819139
18060755
18150255
18225203
18269055
18347473
18580122
18631946
18736861
18835205
19115533
19243011
19257296
19259271
19284617
19317068
19388081
19394217
19417671
19424168
19527978
19554540
19587576
19593566
19629407
19645743
19655600
19658363
19659221
19670097
19674146
19684681
19703876
19713215
19742394
19838586
19879832
19886096
19901240
19908140
19946962
19965505
19966217
19977496
19983681
19993914
20059151
20065125
20099371
20137925
20151495
20161925
20199883
20241050
20378896
20386226
20395526
20437095
20458512
20490632
20512320
20534947
20556082
20571523
20581268
20583608
20598925
20716910
20719453
20720400
20722030
20723127
20816754
20842874
20852392
20854183
20872653
20873543
20880606
20883712
20991861
20992761
21033057
21038305
21075605
21086705
21113102
21120173
21120894
21133293
21140803
21141159
21186792
21193461
21219193
21294345
21296747
21301865
21326787
21418068
21509573
21565962
21616913
21638592
21644026
21667048
21699503
21766793
21802559
21821458
22068345
22120369
22158203
22169432
22254086
22317374
22333887
22392280
22475852
22519042
22637457
22646067
22646753
22676784
22715243
22757283
22791029
22849276
22861934
22902110
22944768
22998115
23054878
23313174
23417302
23582983
23601411
23832406
23847028
24108898
24286326
24356302
24435641
24525262
24672398
24688868
24735729
24748108
24755747
24814068
24903325
24933959
25055649
25063565
25066849
25150208
25276999
25407886
25707478
25734820
25814880
25870446
25878300
25995679
26025984
26068617
26126684
26201767
26211908
26214838
26222558
26296724
26510607
26615913
26880417
26975480
27223951
27540047
27901782
27987443
28071020
28074457
28096857
28131378
28299290
28368998
28559465
28639982
28661423
28788104
28806667
28884417
29041201
29089503
29163491
29187065
29203053
29298576
29415250
29509738
29761408
29876839
29954174
29980465
29988420
30152132
30192309
30637634
30690362
30718717
30864009
30871966
31011296
31102236
31186617
31220161
31261316
31377538
31405043
31694047
31960971
32360378
32437635
32468450
32538539
32586510
32668310
32889553
32913860
32987890
33033485
33173103
33263935
33265511
33285178
33297458
33337979
33495155
33609282
33625950
33653183
33661413
33680608
33878747
34010016
34245519
34328859
34381014
34544673
34620189
34761700
34902885
34905152
35074934
35309641
35557258
35730334
35750341
36065473
36129096
36357158
36375208
36817252
36900399
37172353
37188692
37296457
37495705
37509067
37594916
37917942
37925631
37956802
37963862
38199906
38274089
38460619
38528983
38582823
38671146
38845397
38891185
39027401
39029760
39046231
39245232
39296654
39501458
39598103
39617816
39757786
39795774
39854018
39986019
40032127
40337848
40364086
40381861
40482979
40700162
40720896
40891616
41010933
41347708
41469156
41659152
41675098
41679539
41817180
42041710
42103752
42111348
42191489
42220514
42453818
42841708
42940703
42969958
43000652
43207147
43330338
43393487
43482046
43772992
43927232
44114714
44188328
44247882
44320998
44513257
44599962
44634024
44734922
45150717
45160751
45194097
45386656
45403185
45682140
45836566
45902724
46137122
46392478
46630397
46654111
46654496
46860223
47349621
47373026
47604586
47619338
47736074
47757495
47946829
47948645
47988704
48062694
48180629
48362855
48440498
48447927
48727370
49113620
49287586
49340153
49500265
49589776
49790767
49944451
49956251
50019760
50263489
50291282
50398391
50401321
50425815
50481852
50595701
50621850
50662895
50681389
50707527
50734820
50756316
50812764
50814688
50825086
50825225
50831547
50847996
50975359
50980904
51007320
51048192
51057958
51100137
51134860
51177443
51184035
51210099
51239499
51397222
51418735
51546750
51571372
51583701
51624177
51841323
52007818
52039342
52107252
52223555
52397318
52505071
52549394
52550236
52567523
52723217
52724784
52793263
53021342
53107418
53168456
53206323
53384178
53458516
53484480
53527620
53544218
53660322
53677577
53802587
54190495
54213786
54338893
54355035
54570423
54700828
54706527
54756768
54853414
54878311
54941130
54981348
55068087
55092683
55148899
55183313
55196590
55369390
55423673
55835518
56068435
56199544
56377352
56652015
56693748
56812228
57066853
57153058
57321206
57382227
57398679
57433001
57437105
57447019
57475064
57656432
57765211
57916629
57942609
57951833
57975325
58073146
58159610
58295263
58428436
58469415
58583369
58602217
58603340
58635871
58743607
58743625
58758592
58764084
58769071
58953781
59113472
59213302
59495462
59584239
59595715
59749490
59812258
59824679
59853895
59860764
59910372
60032703
60152156
60221319
60289425
60342553
60390523
60421666
60468336
60557203
60560467
60607225
60728193
60738462
60863993
60890667
60909731
60960645
60979411
61099871
61165692
61183967
61201485
61224777
61368912
61457536
61512419
61887000
62026387
62078940
62144053
62253528
62323186
62332447
62378022
62498154
62514023
62641370
62678638
62890766
62938830
62947475
62953124
62992556
63105268
63137789
63182352
63184432
63271435
63281327
63438227
63470263
63490675
63802593
64078171
64271406
64403971
64453638
64479720
64499424
64574437
65061087
65103501
65222412
65414951
65466169
65477598
65530102
65610685
65695139
65758142
65773839
65874716
65992589
66006446
66100491
66177166
66178120
66239046
66328426
66557286
67223696
67225366
67282501
67304796
67414784
67542878
67669588
67684754
67924216
68181783
68508225
68687088
68702159
68796241
68885330
68971298
68985117
69385736
69552682
69568564
69596032
69697784
69956217
70110013
70129080
70156465
70204469
70646209
70651464
70682636
70775419
70929547
71283635
71326974
71499815
71630286
71697882
71814195
71819190
72076653
72087768
72152127
72175996
72329315
72332327
72339975
72367024
72405682
72421872
72521716
72671522
72916160
72944791
73097959
73157831
73172991
73219976
73364151
73365495
73408587
73488857
73758335
73762986
74039532
74187693
74248680
74405442
74493929
74532769
74563396
74977913
75111693
75132581
75261935
75269739
75466044
75527778
75532001
75614047
75768647
75794091
75849506
75999287
76024077
76156921
76319056
76334544
76595680
76608250
76656884
76688321
76731028
76731399
76765763
76766659
76909970
77229789
77550701
77857104
77966026
78041390
78126462
78311105
78323166
78388557
78392206
78394916
78395971
78569650
78585377
78605031
78633097
78750498
78966178
78969133
79192755
79260637
79345623
79423250
79431265
79469842
79559218
79683315
79699583
79929827
80046996
80077383
80381677
80398755
80712606
80867830
80962792
80995588
81045535
81121799
81237425
81495358
81567719
81578413
81662340
81705878
81904688
81910641
82130898
82152181
82225400
82573017
82650979
82655052
82894405
82940417
83207691
83353318
83402833
83666414
83683304
83688840
83800293
83916006
83950447
84109409
84159566
84301666
84583978
84654462
84657470
84928128
85195614
85542080
85613984
85624091
85902245
86047048
86105703
86193287
86346871
86353927
86355896
86364270
86364729
86366745
86368915
86378925
86387307
86390282
86390706
86393158
86396917
86397405
86407200
86411354
86416389
86416573
86418815
86419279
86419827
86431245
86438386
86447351
86476763
86502943
86503043
86505258
86510591
86514123
86517596
86520531
86522366
86522533
86524625
86525628
86528427
86530489
86532903
86546237
86547246
86547876
86557990
86558537
86561467
86569893
86571159
86575374
86585108
86594773
86603316
86605686
86621042
86630055
86638095
86639371
86641555
86644146
86648230
86701194
86705969
86707928
86708705
86713014
86713280
86714675
86717202
86721921
86728703
86729967
86731962
86743948
86744900
86749848
86750081
86753565
86755313
86761807
86768028
86775049
86777190
86777511
86781750
86783645
86785889
86789728
86799590
86800669
86804328
86805300
86806874
86811485
86812457
86816077
86816924
86819814
86821903
86826227
86833146
86835921
86840750
86842090
86845524
86849989
86879395
86906459
86915200
86917348
86918002
86918972
86919816
86923750
86928047
86928771
86949244
86951662
86951949
86953491
86955729
86955938
86964209
86964231
86966813
86967808
86970594
86973869
86977801
86984338
86986249
86986428
86991989
86992871
86994318
87000358
87006537
87009105
87011088
87020292
87021109
87022698
87029497
87035131
87036087
87036588
87042666
87059684
87063313
87089482
87094432
87106200
87143511
87147935
87158789
87162207
87231607
87231626
87950136
88047326
88179513
88279077
88287171
88511682
88522861
88638715
88794809
88891809
89192043
89425867
89447730
89498711
89510050
89719268
89736326
89745865
89754720
89756305
89759989
89765070
89772613
89775674
89781704
89790017
89792389
89794497
89797495
89797723
89799550
89800751
89802583
89807390
89819425
89824680
89829378
89833036
89833668
89837238
89849307
89851175
89873292
89904460
89913042
89917180
89918038
89921425
89928671
89939093
89947129
89950063
89950373
89954835
89956810
89957469
89962681
89970292
89984607
89986310
89989818
89993256
89995634
90005222
90006984
90010244
90021669
90028134
90029073
90032903
90033016
90033097
90033984
90036706
90049485
90050270
90050900
90052250
90060964
90078666
90080933
90136114
90142146
90145227
90146988
90148633
90156539
90160596
90168834
90169470
90172333
90182963
90183315
90183349
90184826
90185803
90196694
90202138
90205127
90219692
90226306
90230150
90238775
90239981
90243406
90245883
90249875
90251242
90255798
90259155
90259712
90261959
90264671
90265575
90266547
90270631
90275623
90279472
90299107
90304970
90359356
90361352
90365020
90373544
90382151
90383723
90388859
90394224
90394672
90396645
90398462
90403518
90408705
90410607
90414930
90418152
90424016
90424509
90433107
90433668
90435788
90441825
90444887
90457823
90458834
90465680
90465736
90465941
90470606
90484477
90487589
90490221
90494164
90505921
90508890
90512472
90513034
90516921
90524606
90594062
90597431
90599784
90609832
90615841
90621414
90627365
90633893
90634105
90644896
90645472
90653682
90656033
90663238
90667838
90673444
90675666
90676724
90684794
90685320
90689222
90695062
90698794
90707431
90708697
90720273
90722430
90724268
90734273
90741777
90750189
90751068
90752906
90766532
90769704
90775999
90789743
90802190
90823228
90838868
90843565
90846643
90850769
90862076
90862639
90867705
90876252
90887559
90888383
90890300
90897605
90900480
90900560
90903272
90911847
90913758
90922357
90922531
90922842
90930285
90931152
90934295
90940322
90945683
90954211
90962607
90965741
90967114
90978594
90980821
90982717
90993019
90995409
90995594
91008619
91008632
91016648
91020067
91068461
91072235
91077448
91082686
91090965
91096344
91099966
91100530
91103550
91110370
91110557
91112390
91114323
91117315
91120873
91139290
91141485
91141612
91144578
91148377
91154510
91164197
91167108
91169505
91169935
91173824
91176893
91178342
91182426
91182473
91185164
91189696
91193297
91195709
91204945
91219420
91226052
91233036
91233558
91237322
91237332
91300887
91308581
91311297
91311338
91314448
91319113
91319945
91325654
91327438
91348848
91358020
91358675
91362763
91364073
91367651
91368832
91375768
91376582
91388210
91391401
91393179
91395393
91396801
91399692
91404550
91414052
91418614
91432443
91436641
91441060
91441117
91442809
91453763
91459317
91463270
91474756
91484691
91491911
91504333
91513866
91541806
91546707
91546969
91548979
91550534
91558921
91568349
91568992
91577875
91583563
91591042
91595827
91602853
91615895
91619160
91619849
91624806
91641735
91650208
91651824
91652303
91654133
91656920
91660161
91669986
91672708
91679991
91698758
91703601
91706956
91732229
91774278
91774663
91781969
91793945
91798027
91802062
91802395
91805078
91809506
91812647
91813264
91815106
91819594
91825454
91848121
91854226
91859751
91861441
91863217
91873038
91876407
91877758
91881945
91890712
91904357
91935534
91942666
91971905
91976102
91976193
91979379
91983649
91987711
91993331
92001684
92030223
92035159
92039861
92042501
92059758
92063229
92068640
92071902
92072915
92081606
92086675
92087479
92095095
92098482
92103463
92112372
92116891
92119891
92122406
92143691
92246415
92250692
92250895
92252025
92252309
92254844
92255021
92261829
92268121
92274288
92279981
92280444
92282158
92287197
92287891
92291167
92292380
92296008
92302244
92305443
92309750
92313599
92314707
92316338
92320240
92323014
92326928
92343150
92344474
92354531
92357138
92370931
92377024
92383064
92385802
92386785
92397193
92398120
92399129
92399973
92401462
92401618
92409984
92415855
92436427
92445646
92485217
92492085
92493286
92495510
92498270
92502765
92504834
92508842
92515988
92524640
92527450
92529708
92529717
92530193
92542876
92543691
92548830
92554725
92560734
92562192
92568312
92570085
92574452
92580948
92587910
92588136
92590914
92596036
92600120
92614056
92616907
92621021
92621605
92623771
92624720
92626175
92627047
92634297
92637195
92649914
92650369
92653436
92658266
92658341
92661132
92662486
92693716
92724434
92728590
92729535
92733653
92735351
92736942
92739376
92747755
92749590
92750780
92758432
92760802
92763268
92766290
92768929
92770451
92774399
92778716
92778825
92779863
92783344
92783480
92784570
92790655
92796401
92797365
92800914
92802463
92811429
92812880
92819834
92820098
92836057
92840888
92843472
92846536
92850194
92852384
92856044
92858623
92860755
92861811
92870701
92886503
92897227
92941189
92946512
92961599
92971309
92986132
92991403
92997179
93005781
93007839
93010309
93010573
93011427
93013811
93020572
93021804
93024202
93025039
93028106
93035885
93036430
93040326
93041311
93045445
93054241
93055651
93069112
93081729
93096606
93161958
93172048
93172281
93189655
93195249
93201119
93202151
93206900
93207347
93207911
93211221
93222015
93223637
93234195
93235747
93241031
93248180
93272087
93275516
93279406
93286477
93288143
93318456
93379411
93397992
93398557
93408111
93412662
93416855
93420896
93423294
93434113
93441199
93452967
93457584
93458129
93459344
93460884
93461868
93462213
93471585
93473346
93479356
93481777
93485062
93488443
93489175
93499310
93502819
93505431
93514909
93522438
93534229
93537701
93538469
93541515
93547721
93549280
93562733
93603110
93608282
93612131
93618728
93623500
93624054
93626009
93628134
93632228
93636985
93643006
93649516
93651264
93651614
93657873
93662120
93663844
93667267
93669942
93674649
93679396
93680111
93682601
93683193
93684339
93689990
93702298
93703966
93709939
93712429
93717992
93719614
93720524
93720536
93720768
93721032
93725761
93728911
93731273
93735885
93739617
93812398
93834422
93846608
93849383
93857251
93857577
93858031
93866526
93873635
93877983
93883427
93887319
93891350
93893718
93898026
93899664
93909338
93910217
93912296
93917805
93918287
93925696
93926191
93930077
93933348
93934306
93946273
93946867
93953691
93966104
93966438
93976388
93985304
93991490
93993634
93998536
94036440
94046328
94065111
94067411
94072818
94074550
94081751
94093908
94101595
94109437
94114782
94117727
94122728
94132520
94135633
94136089
94146380
94154548
94158936
94159243
94160197
94161253
94163617
94166326
94181469
94184318
94193396
94228072
94228610
94296459
94300260
94300291
94300516
94300611
94300959
94300975
94301578
94313321
94313612
94321100
94321653
94328422
94329190
94330576
94333456
94336371
94342501
94345299
94347769
94351636
94354099
94354521
94358351
94359393
94368638
94373444
94382659
94384200
94391087
94406918
94408387
94411093
94422464
94432525
94434663
94436206
94440206
94442932
94450885
94453941
94455712
94524991
94527312
94527954
94535516
94549826
94550791
94560451
94564969
94567017
94574796
94579411
94582500
94583435
94587254
94590553
94591145
94596906
94599064
94603567
94607082
94615791
94618472
94622414
94631907
94632238
94643058
94644265
94645621
94648358
94668771
94673444
94684907
94686937
94709208
94725164
94763954
94772373
94773668
94775774
94777809
94779087
94781145
94781174
94782225
94798238
94804973
94805716
94805984
94808694
94811078
94811438
94815311
94820262
94827738
94828226
94837136
94845499
94848551
94851586
94854990
94857449
94861418
94866643
94869256
94874563
94876269
94882359
94887115
94894042
94898057
94900158
94902669
94905200
94946776
94995057
95007669
95009122
95011458
95016222
95022171
95025260
95026375
95028255
95035021
95039172
95041746
95043571
95048785
95054977
95060001
95063331
95065924
95072607
95082352
95084834
95084926
95091010
95091802
95092198
95098436
95113511
95120915
95121375
95128450
95171259
95171432
95177161
95189817
95200541
95204871
95207465
95213301
95219366
95219567
95220325
95221550
95223160
95223793
95224476
95226520
95232505
95247755
95261436
95278223
95279002
95279974
95280857
95283070
95284553
95292171
95292470
95298299
95301414
95305971
95307865
95311910
95332810
95338112
95339154
95343059
95351248
95393118
95396796
95406388
95410461
95411641
95415016
95418810
95420669
95421840
95424970
95435287
95435485
95445432
95459042
95462880
95474044
95486107
95489373
95489548
95491040
95494590
95501851
95502232
95504263
95505319
95511763
95513629
95515821
95518585
95519426
95529565
95530970
95535837
95538398
95541945
95541991
95562131
95562213
95584031
95601451
95626772
95628783
95635154
95643564
95681983
95682741
95687137
95694453
95699006
95706325
95715014
95715676
95724058
95727990
95729180
95734457
95734908
95737023
95738348
95742176
95746903
95746939
95748121
95750500
95753546
95757736
95761977
95763178
95773834
95870856
95878850
95878931
95892182
95902397
95914786
95918034
95925104
95927530
95931414
95940294
95942165
95943616
95945471
95950200
95954933
95968017
95987889
95994282
95997458
95999926
96004858
96010331
96017862
96028341
96034113
96046610
96092927
96094200
96109738
96117289
96119225
96120922
96121414
96122138
96138466
96151033
96152860
96160087
96162106
96170732
96170890
96170995
96171494
96183729
96189642
96194040
96195261
96200281
96215321
96215696
96216281
96223545
96229430
96239432
96246372
96246712
96267646
96274780
96303233
96308555
96323348
96335308
96353160
96358378
96362090
96370438
96386319
96387135
96389706
96403906
96409173
96409908
96420103
96422265
96431369
96434939
96451617
96456994
96460872
96462528
96468531
96523762
96528902
96531692
96539737
96541850
96560807
96563583
96567573
96571252
96579418
96589949
96596395
96597621
96604046
96606353
96608409
96608789
96618473
96621763
96622264
96634153
96636842
96637101
96643028
96647659
96650880
96656321
96657951
96660019
96671032
96672471
96673701
96678887
96681928
96731284
96737122
96741675
96756101
96773426
96773616
96778431
96779488
96786947
96794701
96800795
96805537
96806195
96806712
96812942
96815915
96817571
96821585
96840836
96848086
96852366
96856899
96864017
96877715
96907076
96957888
96958514
96958962
96961576
96961915
96962752
96966586
96971960
96973300
96974510
96979891
96983684
96984272
96985081
96987823
96988383
96991986
96993310
96994868
96997462
96999186
97008855
97012212
97016859
97023843
97024865
97027691
97033594
97035119
97036039
97040126
97048103
97051956
97057749
97059140
97064898
97065669
97073364
97079345
97081591
97091775
97094498
97112136
97181096
97181704
97188798
97198080
97211268
97216372
97245995
97253922
97265589
97271593
97272815
97274109
97274215
97276705
97280574
97283464
97286467
97287976
97290638
97294903
97297289
97297361
97300459
97306261
97310922
97324093
97326583
97338810
97349908
97353882
97362448
97386245
97409429
97420736
97424521
97425181
97426906
97430977
97431890
97436098
97447316
97453735
97454691
97460710
97473196
97476753
97481099
97486303
97487305
97492466
97495655
97499977
97506752
97506984
97510167
97518260
97524086
97527096
97527883
97529232
97532757
97533454
97535021
97546673
97549937
97550313
97570713
97581335
97637686
97638731
97647791
97655258
97657746
97671249
97675722
97680005
97683589
97702327
97714094
97717904
97726277
97728326
97734949
97737940
97739659
97743794
97743843
97746611
97746935
97747234
97753539
97760277
97760422
97769155
97769772
97776470
97777819
97781649
97785491
97798557
97798986
97862925
97877243
97898367
97903072
97908282
97908835
97913271
97927254
97937205
97962412
97971478
97973053
97978198
97982777
97984724
97992996
97998245
98004472
98006294
98009238
98011335
98013279
98017674
98018759
98044659
98103822
98109840
98114853
98133342
98135535
98145813
98150148
98152484
98155060
98158320
98169480
98177464
98180864
98180878
98188152
98189834
98196855
98196895
98197867
98202959
98206551
98208685
98209942
98222319
98224696
98226184
98226959
98233087
98240897
98270324
98285148
98335226
98342099
98351883
98356021
98361098
98366656
98369474
98373897
98374662
98389375
98401091
98409968
98417445
98421065
98431868
98432535
98433600
98440508
98445986
98475623
98486724
98488267
98489119
98499533
98515155
98516399
98517511
98521623
98522473
98531555
98567330
98584127
98613447
98626042
98654326
98658078
98659804
98660449
98673304
98692592
98695302
98712885
98722548
98727618
98732640
98734893
98744537
98750640
98751719
98753238
98760570
98770606
98774516
98777527
98797566
98802672
98844049
98849810
98853524
98856108
98862482
98862569
98863556
98865126
98875932
98876772
98881411
98884616
98894580
98900963
98913395
98916182
98919580
98927362
98928965
98933990
98937923
98939987
98943795
98945361
98956811
98958786
98961285
98966024
98967283
98969795
98972070
98974746
98975840
98980770
98983874
98985253
98985455
98986638
99013662
99020632
99038363
99046781
99078978
99086680
99096526
99101747
99103122
99109566
99110051
99115010
99116274
99118521
99123654
99124766
99134869
99137344
99143884
99148317
99186289
99187386
99192762
99198086
99199787
99201696
99202436
99249100
99285821
99292559
99296597
99306705
99310464
99312474
99313095
99332846
99345536
99346572
99347873
99349281
99353927
99361497
99362673
99374167
99375679
99383676
99385966
99386077
99390190
99398175
99426809
99448926
99458000
99489583
99495061
99499205
99502321
99508700
99510161
99513371
99514282
99515687
99524495
99524532
99528625
99529134
99529774
99532403
99532856
99542653
99546524
99549127
99556247
99557149
99570335
99571019
99573049
99574092
99576546
99590014
99590148
99593443
99595835
99600250
99603567
99603901
99606057
99616271
99619059
99623545
99628733
99695023
99707146
99709738
99713762
99741215
99744330
99744514
99745024
99746447
99756601
99762213
99765122
99784903
99785703
99787780
99788209
99788386
99800191
99801589
99804074
99807090
99809494
99817963
99825099
99826609
99834899
99858173
99867614
99878800
99908804
99940569
99941066
99943014
99947011
99948052
99951075
99951531
99952799
99953869
99957937
99971382
99974823
99987922
99991799
99993072
99994504
99995661
100006309
100015693
100028183
100032816
100040293
100045556
100045962
100048003
100049933
100051982
100058644
100067146
100067261
100067652
100075591
100077456
100078817
100078870
100083266
100100694
100103555
100110577
100126950
100135742
100144950
100178959
100180794
100198278
100203251
100205537
100206400
100216943
100220294
100220521
100230337
100234301
100237614
100239288
100240571
100241178
100241326
100244846
100251057
100252255
100253056
100256856
100257912
100259849
100266738
100268322
100270440
100270771
100274981
100277777
100282494
100284989
100288225
100292348
100315358
100323653
100331764
100333762
100339036
100340840
100348215
100352860
100355848
100358638
100362269
100364460
100367465
100391640
100392101
100396536
100396855
100425522
100454654
100456872
100472196
100480985
100489907
100494884
100509347
100519240
100522269
100524766
100526302
100527181
100528835
100534759
100535759
100536368
100539668
100542146
100549757
100563869
100570041
100570413
100579646
100585138
100590548
100604631
100605157
100607893
100617884
100624946
100628978
100630369
100630788
100636335
100638762
100640406
100644684
100645826
100646573
100654416
100660888
100670529
100683602
100706183
100739924
100760439
100768515
100774421
100776127
100787137
100790878
100792653
100802356
100806424
100820592
100822039
100830248
100831900
100832732
100833278
100842855
100867119
100871225
100876497
100884749
100884923
100886775
100918592
100940011
100974336
100982977
100986718
100992142
100994484
100995696
100995826
100996126
100997231
101012522
101020863
101021365
101022794
101024678
101041527
101049637
101057617
101058437
101064263
101065960
101066210
101068022
101069033
101080450
101082257
101101177
101104401
101109152
101111340
101140488
101167828
101191550
101209938
101213437
101217029
101221517
101222446
101223337
101226562
101239823
101240248
101240955
101248229
101250771
101254371
101258501
101258524
101258737
101262284
101263446
101265033
101267101
101267212
101269193
101278996
101284094
101291854
101291934
101299459
101304833
101305386
101309284
101312618
101312750
101313163
101316154
101320172
101324070
101327058
101329988
101330211
101334738
101335122
101341663
101342370
101345704
101346724
101354009
101355125
101358420
101359524
101360646
101360703
101366731
101370394
101379370
101382055
101384501
101386349
101387653
101392441
101404260
101406986
101454438
101466109
101472929
101475480
101475625
101479130
101480402
101481095
101485646
101486003
101486437
101488967
101492230
101492234
101496999
101513004
101514158
101517172
101519057
101519313
101521163
101523319
101524967
101526767
101529268
101529372
101531980
101533032
101534760
101536652
101544188
101555822
101559753
101561040
101561168
101563608
101563939
101565390
101576340
101580285
101583922
101585081
101585314
101588028
101600172
101602236
101614098
101627912
101637753
101645157
101664347
101733894
101734823
101739233
101741499
101745505
101748757
101760936
101768654
101771223
101771355
101773577
101776591
101779960
101780297
101782323
101787514
101791289
101795936
101812135
101814695
101816196
101820025
101820680
101828786
101829151
101832455
101847216
101848146
101851634
101856582
101860633
101874266
101874307
101874802
101875417
101877606
101878580
101879670
101882631
101882838
101883316
101883579
101886334
101888944
101889346
101890805
101893986
101894496
101896409
101897812
101900948
101903406
101907923
101915923
101916516
101916980
101922985
101924944
101928298
101945760
101983617
102006771
102007631
102016345
102019522
102022783
102025291
102034584
102034715
102043442
102045083
102051997
102060878
102064736
102073406
102080192
102080958
102081968
102089331
102091836
102095257
102096043
102097897
102098092
102102673
102106116
102106800
102107752
102108012
102108886
102113870
102115155
102115955
102123251
102128220
102128609
102443494
102456114
102457584
102469880
102516521
103004036
103139470
103236524
103266315
103378842
103401566
103459247
103467655
103620940
103823449
103944563
103957129
103960697
104261811
104357345
104546928
104643236
104802599
104826213
104868719
104900471
104931339
104960632
105126564
105135221
105137768
105201846
105291448
105489318
105627958
105828076
106110265
106132989
106169140
106212050
106408154
106477025
106781613
106878646
106916763
107110284
107123188
107432330
107464005
107708415
107716995
108046606
108262429
108692179
108709993
108731920
108772712
108796218
108814411
108871783
108901353
108904202
108908840
108915471
108926885
108931399
108953374
108961905
108964058
108969381
108975308
108981353
108996667
108998191
109005516
109005913
109009389
109010033
109018776
109021404
109022527
109026412
109037743
109037911
109041228
109045257
109049577
109050258
109050359
109055263
109058535
109069077
109072960
109073502
109075051
109076015
109080826
109102071
109104060
109109889
109112879
109118346
109127117
109135094
109143038
109151326
109152423
109213422
109218849
109219870
109230775
109235434
109239365
109243177
109248280
109254731
109256627
109262801
109265530
109268455
109274969
109277779
109279482
109283773
109289743
109291305
109295287
109300550
109305401
109308383
109315596
109318731
109322647
109330104
109330878
109331155
109331593
109340216
109349683
109349732
109353997
109356703
109361012
109370835
109372415
109378597
109384659
109386538
109388977
109393117
109398133
109404862
109405299
109407060
109407176
109407255
109414291
109419405
109432667
109433516
109442622
109463653
109479762
109513182
109516126
109545174
109545707
109545724
109546027
109550343
109552459
109573214
109574911
109584693
109585006
109600059
109606744
109608666
109614576
109623316
109624633
109625276
109634455
109642206
109646976
109647329
109657774
109660152
109663513
109666064
109671811
109676171
109683328
109683449
109684081
109687978
109691729
109692022
109693986
109699296
109707144
109730056
109730120
109801557
109824322
109826829
109838319
109851072
109854892
109866612
109880249
109884954
109885977
109891086
109895482
109904090
109904111
109905386
109905467
109917385
109921909
109927001
109944597
109947706
109953657
109964594
109966093
109967658
109975067
109979875
109980620
109980739
109991232
109991555
109995509
110004416
110005935
110006692
110023304
110026953
110031557
110092623
110112135
110127158
110130930
110131322
110144595
110161383
110163065
110168007
110175878
110181469
110194160
110199143
110199621
110203986
110209107
110209774
110218070
110220392
110225303
110226159
110226849
110232778
110235532
110237664
110239945
110240273
110243067
110246047
110246290
110248143
110253291
110258603
110259556
110273647
110281448
110287685
110288193
110330044
110367439
110378441
110384850
110385856
110396495
110401029
110414105
110415858
110418005
110422561
110425027
110427828
110430624
110449724
110455199
110465728
110473424
110474404
110474455
110475681
110480149
110480169
110481264
110482592
110486075
110500435
110506815
110510074
110518415
110525603
110526138
110530070
110530585
110531055
110533017
110538674
110540635
110541452
110545954
110551078
110555672
110571700
110575746
110595695
110664588
110671411
110674236
110674289
110681990
110683758
110685999
110686096
110699811
110707241
110714256
110720715
110721507
110728791
110729301
110732597
110732606
110742250
110757349
110761350
110763719
110764867
110766570
110768737
110770544
110776753
110794022
110800309
110811795
110812175
110816902
110820440
110841001
110845440
110845848
110850128
110854593
110861970
110867828
110880034
110884752
110920384
110948961
110958091
110959778
110961218
110965470
110972412
110975573
110975768
110976077
110983360
110985868
110988018
110992533
110995434
111007969
111010724
111044774
111091949
111370808
111390064
111610786
111624218
111634062
111704246
111706441
112168285
112279399
112483803
112524453
112694950
113161569
113198884
113363909
113433296
114058376
114204173
114544076
114589214
114727454
114734836
115134828
115135220
115506301
115670126
115791765
115890058
115955532
115993625
116029552
116302826
116502463
116707914
116781184
116818980
117069481
117255360
118062648
118668780
118717822
119110204
119490948
119502306
119578467
119818669
120079434
120536914
120606957
120729084
120745129
120811238
121086925
122050033
122676958
123034958
123052915
123250126
123371746
123371900
123543247
123715687
123857786
123904892
124866656
124895684
125003559
125171763
125440824
125806664
126020530
126030446
126358252
126690534
127080220
127292202
127483742
128485868
129172102
129476521
129840259
129923598
130162049
130171809
130231699
130644654
130845111
130894444
130975890
131123527
131204925
131212181
131524167
131927019
132650768
132923661
133422475
133449541
134217341
134475884
134887998
135544041
136777824
137365415
137407346
137450638
137529011
137665030
138017676
138128471
138432335
138867154
139029722
139822064
139874597
140287600
140886505
141205792
141283216
142347574
142471749
144274252
144359710
144719543
144858220
144882925
145265016
145311073
145683116
145837030
146229563
146613146
146980625
147655558
148402749
148519330
149192911
149250524
149250614
149261367
149895430
150462955
151180959
152038002
152182568
152250815
152590953
152598548
153081541
153379231
153960498
154101212
154187566
154641087
154823303
154900247
155301679
155569102
155583299
155627422
155639798
155835516
156418313
156490852
156594428
156947203
157147883
157479227
157951375
158076720
158110071
158522459
158534665
158838499
158866599
159453922
159487680
159696829
159702082
159968838
160508270
160520990
160942041
161098604
161724732
162452411
162691022
163199790
163307454
163420234
163825670
164206504
164733452
164747353
165063758
165537196
165547758
165613899
165931586
166170383
166353669
166736324
167917130
167996719
168266170
168347162
168458406
168517840
168590461
168688119
168717117
168726136
168786577
168891605
169139809
169175932
169323723
169690337
170295099
170632946
171025264
171399811
172105650
172741568
173082186
173271191
173408550
173503536
174060475
174606529
174796125
174862466
175044639
175213900
175720726
175805897
176055135
176129117
176207485
176464826
177538154
177665249
177676139
177918015
178044248
178538592
179459448
179606983
179950472
180111039
180115112
180125658
180162381
180179291
180180121
180184401
180193667
180199486
180213063
180214051
180231789
180303527
180319792
180334620
180337259
180342471
180358896
180365901
180366248
180376305
180384731
180385809
180389786
180400819
180418915
180425464
180450170
180454839
180470463
180482047
180491644
180508587
180537591
180548755
180551036
180554572
180573475
180576751
180581660
180589948
180601639
180610982
180614957
180727656
180727989
180736933
180742074
180742275
180742613
180743629
180746109
180783077
180785237
180788270
180794937
180795215
180798423
180803928
180804118
180815899
180823831
180824121
180858536
180867400
180870789
180872351
180878945
180881421
180905086
180909825
180934632
180945387
180950516
180953755
180987262
181008244
181112939
181129542
181137331
181137785
181139263
181149593
181170809
181174973
181181258
181212537
181240681
181240969
181244729
181256443
181273721
181273889
181286072
181289345
181333370
181362021
181375146
181478063
181493662
181518924
181521095
181538138
181545531
181550921
181582868
181631100
181655472
181684889
181686736
181687657
181688597
181695387
181700375
181702632
181704312
181720986
181738894
181745840
181751073
181755781
181909478
181920714
181920842
181925560
181927947
181928655
181939286
181967203
181985160
181994749
181997462
182022008
182027949
182037407
182043869
182065567
182073508
182073832
182073873
182075485
182111613
182133131
182136671
182143457
182183633
182200647
182202499
182208445
182209285
182310666
182348348
182379651
182387804
182417002
182476747
182830814
183525218
183708533
184073985
184145026
184764235
184818690
185244635
185314317
185641650
186512099
186639309
186987335
187620097
187683360
187691543
188112735
188453918
188486947
188879848
188922809
189329582
189445079
189999353
190557577
191235415
192543864
192585165
192961790
193012377
193452307
194205356
194375941
194719951
194781098
194952697
194966328
195035345
196103551
196669810
196938282
198178700
198218153
198435906
198446254
198548147
198853972
198880048
199667571
200044790
200395887
200921661
201406894
203020144
203579898
203959239
204064815
204402160
204892494
205403338
206151636
208238856
208530462
209503626
209764108
210165168
210773656
211845280
212635740
212657664
212671836
212932323
213130244
213133116
213627428
213865962
214992010
215121504
215365254
215501554
215714340
216201584
217093354
217188008
217540223
218759952
218828926
218913834
219364912
219441469
219675758
219682822
219940757
220400228
220643539
221039758
221200697
221814141
221892537
221968696
222246286
222433721
223422858
224326124
224716583
225345717
225573814
225614183
226280121
226579075
227000730
227667200
227751294
227990862
228147373
228822522
229073503
229130846
229267179
230028233
230270746
230904556
231101423
232165614
232213251
232604916
233716636
235108554
235451415
235631967
236043788
237004400
237837568
237878040
238213005
238293167
238690252
238744608
238963334
239084011
239209186
239423508
239490496
239775823
240350811
240748589
240782221
240785495
241055527
242280335
242783313
242911892
244870404
245086869
245491238
246015585
246058726
247017990
247033522
247363419
247429487
247545134
247943938
248427150
248628584
248750002
249248313
249860857
249914763
250057286
250557295
251755812
252621737
252706698
252835764
252849851
253283929
253578947
253741205
253772454
254252412
254547373
254644471
254974934
255449185
255742813
256200627
257538582
257563994
257881125
257989205
258771588
258788262
258871752
259004998
259202690
259224002
259696039
260422385
261669662
262061783
263108199
263248588
263254513
263455642
263595935
263764544
263781743
263794798
264329880
264972657
264996227
265892356
266103087
266268686
266687294
267073814
267204476
267326425
267358514
267375257
267413238
267749288
267864178
268019360
268231357
268614681
270058788
270182529
270349208
271065390
271470094
271545743
271564699
271838002
272356140
272516834
272631450
273376755
273897390
274553371
274682713
275446566
276654850
277136393
278173502
278998829
279816302
280565420
280818021
280970408
280986736
281067632
281269471
282263189
282316635
282563711
282756092
283116125
283343910
283616884
283811305
284466892
284567054
284726859
285039279
285263293
285647534
285651223
285845514
285934556
286780421
286786835
286826434
287210426
287345102
287527328
287760754
288210533
289260445
289400107
289658813
289914129
289992247
290463935
290563434
294160618
295396243
295621695
295718975
296153751
297598531
297664355
297997814
298072028
298578135
298609757
298684211
298828966
299234258
299741849
299811100
299847527
300170448
300793469
300916614
301349766
301557819
302600192
302892889
303488609
304469283
305177602
305204422
305928394
306967100
307230823
308540926
309032231
309161409
310929164
311629440
311677500
311910716
312719483
313888920
314085065
314655724
316019082
316718613
316773650
316836862
317050051
317162767
317312636
317382801
318605113
319062230
319244612
319253096
319822817
319872808
319953998
320072696
320105190
320372182
320695661
320947582
321029587
321387360
321503990
321572119
321918195
322013667
322125636
322522346
323271294
323288449
323322866
324270614
324611712
324612552
324942237
326851191
327204007
327567172
327665584
327934898
328299882
328515437
328680694
329607654
329727440
329994545
330248729
330316067
330414995
330416905
331355366
333853353
335235036
335543706
335875986
336601101
336910453
337054297
337228758
337365381
337931368
338951072
339122667
339177115
340442088
340511433
340606569
340899021
341624004
341753022
342149747
343015080
343315610
343345414
343439814
343563745
343666588
343701080
343967128
346672045
347760583
348483145
350048722
351109319
5394
7027
7725
7779
7790
8740
8976
10141
11174
33873
52963
69153
69563
70513
71523
71563
72003
72473
72583
554913
582413
607163
610553
614813
618663
619393
621873
650243
651433
653643
653763
653823
677623
707283
714103
724993
732463
747273
749043
754920
755040
771724
792505
804524
812741
959811
1056521
1162021
1333811
1431881
1489861
1762991
1813001
3031491
3128471
3336601
3454621
3538601
3801131
3886541
3894431
5502872
5573002
5614852
5616382
5635752
5660262
5797282
5928192
5934622
5938162
6112152
6133542
6179522
6260552
6347812
6396642
6419822
6520582
6625352
6626342
6676242
6692952
6695872
6700042
6714542
6800062
6815612
6818222
6819122
6822652
6836632
6852632
6876662
6880662
6941342
6942822
6959852
7002122
7047732
7107102
7110032
7131682
7140372
7148452
7154422
7183572
7237302
7279422
7307552
7341792
7425702
7430932
7432372
7474832
7502502
7516712
7527802
7539612
7558232
7558492
7581502
7595182
7598412
7629872
7632312
7638942
7640592
7641172
7644802
7645652
7646362
7647312
7663052
7690002
7694552
7707622
7780882
7783792
7833862
7914472
7933402
7938582
7940702
7952962
8001712
8004932
8020112
8087132
8163202
8209922
8242942
8290032
8333972
8339012
8371192
8392402
8402362
8432172
8432292
8473032
8506302
8508282
8508852
8545672
8555282
8622002
8623562
8655852
8698102
8707312
8732482
8733752
8769152
8770372
8796732
8797922
8800032
8807492
8808062
8809602
8813332
8820122
8829262
8832722
8833662
8834362
8836052
8837772
8839832
8840682
8842692
8844542
8850622
8850972
8851562
8852032
8853062
8862302
8864072
8864942
8865482
8871482
8872962
8874372
8874752
8876602
8877342
8878202
8880232
8882812
8883852
8884382
8884392
8884772
8886892
8888502
8897092
8901672
8913642
8915492
8916762
8919832
8955682
8962692
8977972
8998512
9001952
9089672
9103412
9124442
9178522
9180542
9189102
9231022
9242832
9245092
9267802
9279662
9283452
9284152
9297112
9329922
9348072
9359052
9384362
9427212
9474822
9483572
9517602
9524432
9531082
9540512
9548932
9559762
9559882
9561532
9577892
9583472
9584532
9598482
9602022
9627252
9636332
9649302
9653152
9669142
9707312
9715482
9750672
9797402
9806482
9808422
9820902
9824602
9828212
9858712
9860792
9867522
9890772
9892272
9896072
9920482
9924222
9929752
9930182
9936842
9937032
9941242
9944362
9963752
9969002
9973862
9979122
9996092
9999982
10002712
10004732
10005542
10015062
10017302
10025232
10029012
10029822
10033722
10034462
10043872
10060712
10069022
10072172
10073052
10081862
10083652
10096082
10096302
10097562
10099792
10107062
10108282
10120662
10125772
10133402
10133932
10143292
10155022
10155412
10158592
10162172
10178722
10209112
10209942
10210342
10211172
10219942
10221592
10248112
10249802
10273522
10274212
10274952
10275632
10311212
10318832
10334992
10354192
10361912
10362712
10379832
10380302
10396392
10398592
10399522
10412012
10424462
10430462
10436952
10438432
10449542
10454632
10456312
10491062
10496312
10504732
10568352
10632512
10641512
10702202
10721082
10743522
10787782
10855012
10868302
10875752
10887202
10908142
10919322
10923442
10937052
10937092
10974122
10975582
10976702
10979002
10981182
10994602
11002822
11004272
11014532
11016192
11024912
11037232
11052022
11059092
11064452
11066762
11082722
11084702
11103362
11122952
11123462
11138192
11144692
11144962
11196262
11198872
11231332
11238722
11251022
11257232
11257322
11260872
11306052
11333262
11335252
11338972
11367942
11369362
11369512
11427092
11485922
11487052
11513242
11520362
11529022
11535592
11537232
11550062
11568012
11583852
11590552
11592262
11597442
11599812
11615652
11616262
11634652
11637382
11639842
11642382
11645522
11657922
11670042
11674502
11685092
11754972
11756532
11758222
11762062
11763742
11777532
11778652
11778852
11793642
11802232
11810412
11811062
11818492
11840532
11850982
11873582
11877812
11880252
11889142
11893552
11894112
11908252
11909272
11920232
11921562
11936602
11937562
11948732
11953112
11954142
11954632
11956492
11959732
11960892
11961022
11979932
11981572
11987342
11990192
11991272
11999752
12001082
12003162
12004132
12007632
12021182
12021272
12039822
12052752
12066152
12067042
12075192
12084262
12092252
12095132
12108032
12111532
12121282
12121982
12133972
12139622
12151112
12152592
12161932
12179052
12186632
12189902
12193122
12200212
12218652
12222412
12223462
12230642
12239582
12240482
12245952
12253872
12264292
12266372
12279512
12282952
12293832
12298952
12299552
12313852
12318712
12320252
12322242
12332962
12333742
12335792
12340072
12340592
12341242
12353152
12355072
12373792
12379052
12381112
12392132
12395802
12396672
12407112
12410272
12430882
12431732
12432152
12436102
12465622
12474062
12496032
12497362
12510382
12511742